527.5539546
938.7530493
721.1411019
173.6620946
105.9409994
302.9093527
211.9929341
941.8550631
653.6184606
891.8478333
924.7766118
353.3419621
520.7381256
356.5911754
570.2225037
274.4456686
691.4925456
530.9271532
144.2807785
333.2344602
301.3671995
617.9975958
392.0791908
516.4714404
172.4573622
793.21578
349.5671583
585.1524693
545.9032172
735.4019188
990.779458
962.7517714
461.9743203
141.9597236
86.08742847
677.7460451
303.9434624
3.135718094
607.9340155
618.2765679
503.623721
994.4239435
277.02611
959.2651105
615.1063919
643.2751886
965.9662731
803.8510747
642.0338082
490.6559513
502.9256905
425.8398384
890.9570082
232.5544796
392.0844932
401.3104852
222.593111
102.4462054
563.4706661
347.1167681
759.8821992
503.1613317
659.3377318
715.6476671
314.2949555
240.651383
7.133781185
494.8040836
406.9810215
834.6241785
494.9168339
44.9891643
709.9267712
353.3081389
748.1352349
659.9497005
958.0375708
527.8066791
343.4935011
819.0947431
637.172877
624.9340186
781.3796045
74.39527899
756.7152453
716.7255326
761.3583175
345.9829055
333.1590914
164.0911321
309.7729557
96.01064161
258.4331785
788.3107001
908.8383299
980.6382528
34.4772137
77.23689729
637.056805
140.4237636
913.1188945
104.5411835
683.4279967
137.3793979
315.2807653
923.3922739
329.1535713
64.07904481
693.5399983
466.0175241
340.147501
746.4505048
626.9970448
109.2736793
935.951132
565.2884837
761.0648091
700.443552
923.1552776
517.7400354
334.6145856
225.533355
939.621672
673.3856255
228.7471086
833.9383047
936.8540808
863.2634575
618.619207
720.3451303
851.2084515
727.269143
887.1682106
451.6311988
159.2683504
1.047348397
947.1784879
708.5228974
314.7556342
661.4844834
152.9829172
917.6595934
792.1637616
150.515843
670.0193699
720.1370112
877.1983114
342.2329169
351.9036728
857.959604
59.0168582
515.1590051
796.099896
822.9000168
139.4993499
326.8764246
976.1012632
973.4394334
504.478137
689.7085509
346.6921566
758.8309102
738.695043
32.23123612
156.8777402
825.7483864
562.1564392
175.0953624
296.0950947
350.1641791
589.867817
433.3656852
801.239769
832.8886558
774.7908973
441.2940524
857.7410965
460.1288854
409.7589581
258.8567798
818.1582426
793.2253047
523.9482326
774.3826366
866.4339215
632.0002386
758.6914338
408.7995412
708.3456771
600.4635152
186.1294717
773.1552459
496.7997279
278.6660798
918.7619929
198.721368
304.1852854
873.6566949
62.6564248
150.506079
509.5596893
278.1340144
357.6011186
216.8029542
983.2048941
785.7517304
608.7639329
483.7499638
554.8333423
705.3714378
432.8643294
118.2347629
790.1201928
247.2137047
875.9539124
430.5459975
666.7325517
583.9470658
554.3789986
282.3666145
878.2896791
679.5456889
608.3322945
402.3002519
401.8996119
430.5955388
460.7754441
585.3593472
540.3062307
349.2411954
664.1242729
192.5024905
997.4113305
639.0645352
808.2233683
852.5720366
369.2479766
920.6565866
749.8018917
90.11700265
576.6890213
446.4020596
395.6088448
69.69271324
890.39555
367.0792618
1.824165444
885.4850124
667.7975037
334.5283459
844.7958278
182.6664275
444.9664552
327.7520998
287.5315992
851.1312305
332.421634
417.187111
540.6702637
877.9038114
629.4115139
995.2508611
154.3195407
905.1435545
210.4495577
666.7350623
669.7878752
638.7611867
653.6076399
695.9102279
450.3280333
208.4417771
959.6022361
255.0110693
861.0561565
435.4525797
703.1575583
663.0300049
420.2547263
807.192659
952.2776836
279.0808079
45.24475007
101.2177749
482.0485239
106.9974137
967.7698025
316.9360183
656.7677081
354.0358502
634.428293
323.8803055
105.7924897
510.1543348
204.3668093
795.9195185
572.2506462
840.2146774
801.0970253
873.4024124
422.1452888
819.817126
240.4732205
789.8490195
16.98237387
885.5498219
575.4723116
90.28101146
45.28090136
885.7534177
77.28879467
60.75442818
866.9189978
665.8765454
391.8767432
473.509283
111.881406
486.7914923
858.2408353
917.4261666
451.3166787
999.8584264
427.4964736
155.3627665
133.1420665
690.5643932
26.18274954
662.7021739
393.1314027
363.1276052
502.2205527
400.2021612
332.4891643
382.2211609
279.1931624
303.2920047
352.90023
766.0329619
530.1328274
893.0334041
6.916745826
40.81665996
337.8297365
743.6699731
643.5215205
674.9843559
410.7598455
851.0978726
990.1637662
72.12974604
945.9870905
700.8676381
960.6360705
360.7343759
336.2741658
429.5798425
279.4734412
814.0313854
955.6071149
751.1771644
439.3598177
746.5100054
286.4213591
49.53762988
649.1973897
242.547046
753.6563193
493.1102951
716.4296471
54.90215846
608.1603438
65.94635107
252.3868605
592.7884195
353.9917707
399.0997486
240.7304462
486.5944184
691.7881195
802.3862305
694.5396346
940.3937664
799.1198726
304.7630625
290.6571814
513.8239125
724.2589927
129.12307
49.93982098
407.1893093
601.3700835
587.8808345
548.276885
378.8586771
305.7982017
294.4610291
231.5355079
221.2120006
789.7477123
465.3781665
951.0479908
216.6253947
938.2872559
722.2980239
918.1994813
199.8338236
368.2681219
386.4549054
935.7102629
99.90970316
663.9307942
253.903958
437.3276507
344.5242759
983.6454527
24.89423431
955.6608991
671.3255408
17.55818893
974.444923
716.4436004
750.0445873
539.7090808
305.2458657
544.5688407
898.326755
217.2888025
285.5720898
219.4634758
312.3420936
713.659765
489.8653136
590.9160787
317.8696405
704.9225619
473.3794409
414.7323081
604.2181006
596.4412367
900.2356128
148.0032409
121.5893179
806.1729971
541.7879125
989.0716197
146.6295787
834.4912954
965.1988609
820.8014043
141.8977721
20.41316974
896.2086049
948.8167981
708.351607
256.493645
616.8724286
603.5142705
310.9731969
426.6095833
688.1103399
161.8797487
95.71736583
672.8759195
630.6553372
579.9461526
723.050348
177.2702973
955.3279143
583.4319334
11.04420324
552.3626745
698.4359312
144.1754486
738.1839089
310.5269332
358.2958549
234.391059
664.4162104
709.646981
179.6475878
799.3336242
948.2979515
477.106935
722.9464475
71.60897618
98.0924971
64.84472575
776.7318076
323.4239799
293.7550029
419.1711577
190.4134088
380.0256178
904.0568983
675.9560993
214.9002247
716.6138821
921.0728586
328.6374361
584.6460155
543.3958232
624.5669304
389.5923365
403.5662604
942.574627
720.6066271
444.5869427
726.016768
349.3117111
871.1983996
305.4655678
449.9809898
844.795421
539.6425555
309.8287256
741.8335538
592.2631029
771.4318386
42.27699619
56.14061831
82.25376037
182.014661
835.0960096
923.9724261
247.728436
396.3917666
549.5621378
701.5687381
488.3170185
93.27189151
311.4880803
856.3675098
291.7036906
875.6233241
711.2967442
466.0930579
142.8729099
818.3501334
537.7497198
352.1233958
344.1977264
479.7052232
466.749183
291.0098904
743.7501691
917.240873
756.9371449
271.4907979
780.1720164
495.0413198
474.0029224
909.3238367
81.38048621
313.4199502
908.949461
278.4703366
925.0357395
224.819244
852.7552437
473.4084119
893.5234658
806.6471541
260.9838583
86.22869134
299.0940836
456.7220556
38.95813309
59.1381144
742.3047088
327.6775618
846.023856
146.9368215
290.4631644
164.2219925
232.1838707
694.5876896
104.1257481
730.6392384
521.1636525
519.5646715
111.1654593
850.3042202
378.4661009
804.307394
978.2622839
310.0700647
306.3416713
78.11491961
325.1720559
450.0487479
334.1452115
348.0492955
998.2487608
709.714848
281.5783172
123.2498154
892.7938545
818.1244095
130.3611127
470.4602365
11.63036538
265.404225
145.9326543
278.0145075
934.3879787
466.3402121
414.9301619
89.25618662
482.5505507
47.56312376
901.1772177
94.95009497
640.3932425
520.2318985
382.8810736
754.1004413
977.2370783
611.296843
421.4552151
225.8956309
91.97598208
839.7437722
502.876138
271.6178094
389.8472266
207.5861296
264.2096843
976.0212516
758.2865788
201.6086197
3.695451789
386.6412144
863.2445184
156.925283
75.77418582
832.7704216
839.7021885
139.0024314
971.4616332
34.73469397
597.0441505
607.9327604
694.0989029
71.47411758
775.0991502
757.1046474
820.4899745
273.2961597
37.70096656
848.4476837
241.8824416
818.8202501
483.4408978
90.28650117
844.5478684
150.4643914
878.0069885
494.241805
467.1977681
372.2118163
534.0810766
445.7656598
72.0352482
247.577126
168.0999702
787.2490541
199.8470998
339.1496113
606.5892573
526.3526049
649.4089078
2.870134027
544.7716061
380.9588333
28.15241341
295.0088643
954.467586
118.8291689
158.7909952
633.1587305
986.6737541
104.6832095
899.8461584
843.6774213
402.6293623
412.9217512
576.6876264
153.5586518
512.8847583
969.0942275
353.9465862
411.3316452
973.4732384
445.1091893
196.3035245
606.4209219
162.4625094
60.69841058
924.8795176
12.68164075
350.1673938
413.7304022
991.1525249
521.4992521
396.211643
153.3099394
587.5990892
56.24516047
580.3275023
410.9160215
820.8154556
418.6289442
822.2082187
997.3555578
217.857696
565.3638192
129.3421375
103.7680612
67.06419067
184.8337163
791.9828491
494.6135273
950.0234397
946.4879398
354.6431124
719.5746264
323.4638103
137.1161235
153.302754
56.05753765
486.9370477
118.0499888
269.5106937
368.3337673
483.7185259
602.6437865
874.0053899
189.2588764
714.7286886
61.31965358
892.5958243
760.880552
500.6027725
618.1591007
915.4869296
332.0528658
911.4599491
535.1331729
448.4034395
790.4420078
254.8441934
589.5560748
912.5543716
15.82322769
663.6290025
861.4504945
431.2768561
970.5735339
607.3849146
292.4326995
310.7790807
175.2498718
280.5814254
826.0375756
878.8512058
500.8506121
346.5286236
909.6674238
498.5385379
234.9552633
939.9145628
523.7499141
15.3077033
355.2602697
605.3857605
102.1361033
669.8116056
983.0406783
348.6212187
274.501911
898.5631894
622.6665929
370.0460652
652.3211578
810.9358413
460.5646298
734.6532836
533.7728165
278.9215381
447.17145
611.7454742
824.8757871
372.6282159
4.548301407
847.6048517
899.4942292
826.9456166
349.1362801
594.3234675
201.4187368
339.5071114
933.6265007
478.9311944
965.4747583
97.6015304
504.5520389
49.4073246
817.9202104
653.3562173
291.4800878
715.1981585
238.1108291
703.8377956
751.866168
991.0466925
464.3337604
65.07487928
648.857807
731.7458408
128.5204522
205.1565997
499.4830112
251.2043407
441.7959188
518.4422114
127.1385592
529.5428508
294.7975957
271.6399748
622.73605
607.8853393
197.1188706
65.34628924
433.7328383
813.0721327
943.8601829
503.4074647
253.4976637
865.0194534
770.2156714
779.1057152
754.852397
66.43533864
681.5656642
343.7882712
458.4948059
451.1603533
104.7975529
800.9316885
441.5567688
70.16869873
532.0130237
997.9022406
288.1121359
233.2038466
376.1460934
193.6312642
317.0523856
800.9029742
88.27713254
306.5162448
423.0870573
663.5115371
369.8275303
694.5604063
651.6323337
759.8847044
920.5708122
761.1681304
93.57570162
658.8651286
393.5319199
837.5557096
655.5295204
527.5336549
636.1666878
917.3279128
814.3839727
930.3617579
247.967254
191.5338398
368.3897659
647.5686219
268.1373621
48.88227838
827.1139159
511.006839
10.69730351
116.0261357
703.3536603
10.19078849
97.36405498
69.23579366
874.0107327
598.2396275
508.0017982
570.6470782
338.6073132
783.7756347
23.39888143
423.6363631
149.8890363
297.7645128
807.5380125
619.661059
719.7198471
371.1650583
853.4753946
948.0724877
613.111987
304.5569823
936.4160354
52.30189536
278.4634752
283.3095327
205.0726527
947.2133365
111.8306918
386.0875072
110.7944284
683.8192383
668.3382239
398.7273638
140.1326642
158.0918292
460.8124431
946.7366864
918.4256371
70.5683092
270.8057794
561.1136338
462.3452571
948.5274592
976.8852239
125.1558283
781.130963
495.7783646
955.5888253
933.1270751
826.7813773
260.2234624
706.4544956
402.2551235
462.9178618
234.548191
93.45355428
561.1786251
450.8615038
677.2870528
57.50741286
663.1356696
782.0044127
971.6329633
586.2705132
16.43297023
383.9705895
160.7927797
447.0663537
92.13801301
30.85083378
827.0839301
234.5192524
855.5845153
544.2326743
285.273379
826.5538077
150.6753767
531.4753052
683.1872163
470.5230726
242.2023276
578.6776951
483.642341
417.1224517
956.929534
470.6760933
318.7059417
959.6915203
600.8606232
8.958479831
587.5902983
618.6677571
19.39840332
793.6294427
544.2472737
251.2465058
55.81868293
731.1462153
827.9932061
624.0047399
32.57831901
46.40427193
824.4794788
890.4696359
600.1942153
726.4190029
748.8481002
43.79836081
134.0672988
15.17049727
401.4797029
125.444862
610.3519092
74.85440182
365.2542742
379.3793198
657.7810432
87.89419893
821.3216324
378.8057229
696.7435772
470.5356977
337.6409217
662.2278106
140.9363013
867.4176893
64.59782587
614.2666419
555.5822423