2
8
17
22
25
31
38
40
47
50
53
54
62
67
78
81
90
98
105
111
117
122
125
128
134
136
138
147
149
159
167
177
182
187
189
193
197
206
216
220
225
231
242
243
248
255
257
261
266
270
278
281
290
296
299
307
310
316
325
331
338
339
346
351
354
361
365
369
371
373
376
379
388
395
404
411
419
428
437
445
450
455
460
469
473
482
486
489
498
503
510
516
522
524
534
544
553
563
565
573
583
586
590
596
598
609
616
624
634
645
649
654
656
665
668
671
675
682
691
700
708
717
722
730
734
737
739
743
747
754
760
771
779
783
792
799
801
806
812
817
818
826
830
838
845
850
854
859
867
874
879
889
900
904
905
910
912
922
927
930
935
939
949
954
958
967
976
978
984
991
997
1001
1009
1017
1028
1034
1044
1055
1058
1061
1063
1066
1076
1078
1084
1087
1096
1105
1106
1114
1122
1132
1138
1147
1151
1155
1157
1160
1164
1165
1172
1182
1190
1192
1193
1195
1200
