9
12
15
17
18
25
28
36
37
47
54
64
66
75
84
87
96
98
107
111
121
131
136
137
142
150
154
158
162
170
181
189
191
193
204
209
214
223
226
233
243
251
256
264
273
283
287
296
306
315
325
334
338
345
350
352
356
357
367
372
378
380
390
394
401
404
406
407
411
413
423
427
431
433
444
448
451
455
456
457
465
470
473
476
477
483
493
495
504
513
521
531
538
546
556
561
562
573
578
581
585
586
597
604
610
618
628
638
648
651
657
667
675
680
686
687
691
697
702
711
718
725
732
741
747
750
751
762
769
779
782
793
794
804
811
821
825
833
838
846
851
854
857
861
867
875
879
885
893
897
906
908
912
919
923
930
935
943
946
953
959
967
978
989
991
999
1006
1012
1016
1023
1027
1035
1040
1043
1045
1054
1065
1072
1082
1091
1099
1106
1114
1120
1122
1127
1134
1143
1144
1153
1157
1160
1163
1168
1170
1174
1180
1184
1187
1192
1203
1208
1215
1217
1225
1235
1241
1250
1252
1255
1260
1270
1274
1281
1287
1293
1297
1304
1307
1317
1322
1329
1335
1340
1342
1344
1355
1362
1368
1369
1374
1381
1383
1387
1390
1400
1410
1411
1420
